1 0.043125 0.546904 0.086250 0.410882
1 0.068125 0.477486 0.073750 0.268293
1 0.122500 0.541276 0.095000 0.350844
1 0.178750 0.545966 0.097500 0.356473
1 0.229375 0.520638 0.078750 0.294559
1 0.276875 0.586304 0.101250 0.373358
1 0.296875 0.549719 0.086250 0.318949
1 0.363125 0.483114 0.053750 0.200750
1 0.400000 0.500000 0.065000 0.238274
1 0.462500 0.562852 0.100000 0.367730
1 0.555000 0.654784 0.180000 0.660413
1 0.773750 0.668856 0.152500 0.564728
1 0.897500 0.609756 0.135000 0.499062
1 0.945000 0.662289 0.110000 0.611632
1 0.946875 0.541276 0.106250 0.508443
1 0.696250 0.425891 0.075000 0.281426
1 0.659375 0.474672 0.071250 0.266417
1 0.616875 0.443715 0.048750 0.181989